1
2
7
16
22
23
28
29
30
31
32
44
45
48
60
72
85
86
87
89
90
91
92
93
113
114
115
116
117
270
271
272
273
274
275
276
279
282
287
288
290
297
299
300
301
302
756
758
761
769
770
771
773
775
784
798
801
802
803
805
813
822
833
836
961
962
963
964
965
966
967
975
977
980
982
990
996
999
1000
1001
1003
1004
1005
1006
1007
1008
1009
1012
1015
1016
1019
1029
1037
1040
1041
1042
1043
1044
1045
1046
1047
1048
1049
1050
1051
1052
1054
1055
1056
1061
1062
1063
1064
1065
1066
1067
1068
1070
1073
1077
1079
1084
1086
1087
1088
1091
1092
1093
1094
1095
1096
1097
1098
1105
1106
1107
