414
421
299
102
256
561
328
39
213
334
376
216
397
270
385
184
273
164
571
686
718
73
344
430
280
760
499
453
351
806
895
769
926
255
303
894
343
76
584
61
581
945
337
557
173
346
347
823
534
482
345
756
154
800
578
573
41
786
547
363
605
510
546
215
813
466
611
524
66
577
822
22
18
743
792
827
331
692
542
67
688
486
336
311
900
840
867
250
942
857
613
828
539
641
241
352
162
158
593
711
305
205
801
736
80
20
622
265
955
771
327
180
58
362
483
321
755
349
207
934
565
176
775
49
193
103
952
562
833
225
297
544
502
268
118
889
155
206
82
855
632
12
226
113
603
505
6
652
866
447
497
187
68
182
244
874
606
493
189
405
598
40
413
959
81
117
165
212
142
548
28
398
392
401
526
454
536
77
425
60
570
701
121
53
21
269
905
48
824
643
152
199
145
281
810
850
448
814
373
709
752
472
340
248
515
869
616
656
138
628
579
264
923
495
144
191
702
263
261
859
287
690
63
633
957
246
599
126
395
780
825
245
912
772
339
745
217
875
440
684
427
587
876
717
564
70
501
47
635
399
171
594
647
183
798
335
576
312
728
644
19
449
56
812
898
490
258
669
134
563
679
178
723
431
918
342
783
104
106
208
5
439
720
149
737
209
529
146
487
157
906
78
123
348
602
815
69
816
441
623
716
111
888
228
90
739
787
896
553
159
290
7
819
807
858
474
75
685
480
416
388
354
929
670
500
640
375
320
293
237
286
169
789
389
419
151
420
953
938
384
678
378
470
230
452
960
130
325
513
672
861
803
868
730
826
714
456
580
925
759
638
865
657
471
891
591
86
210
200
914
846
777
508
87
725
129
432
417
278
64
98
450
784
1
944
408
219
457
590
51
626
46
177
731
491
820
941
758
266
141
631
885
400
459
304
461
326
259
406
338
455
218
511
937
243
488
444
192
645
253
595
551
532
932
880
277
323
664
458
190
881
71
283
750
908
404
313
353
