MarkerName	Allele1	Allele2	Freq1	FreqSE	Effect	StdErr	Pvalue	Direction	HetISq	HetChiSq	HetDf	HetPVal	EffectARE	StdErrARE	PvalueARE	tausq	StdErrMRE	PvalueMRE	TotalSampleSize
chr19:17013919:SNP_cg03636183	t	c	0.2888	0.0179	-0.2818017	0.0099778	1.74e-175	----------------------+-?-?-??--------	70.5	111.7972540	33	1.699e-10	-0.2805831	0.0192576	4.357e-48	0.0081700	0.0338026	7.641e-17	23549
chr19:16950821:SNP_cg03636183	a	g	0.8554	0.0287	0.2733482	0.0129219	2.54e-99	+++++++?+++++++++++?++?++??+??+++++++-	58.8	72.8698588	30	1.983e-05	0.2677951	0.0212958	2.898e-36	0.0075113	0.0313872	3.068e-18	24448
chr19:17015428:SNP_cg03636183	a	g	0.3819	0.0174	0.3255191	0.0092981	1.63e-268	++++++++++++++++++++++?+?+?+??++++++++	52.2	66.9057166	32	0.000291	0.3288719	0.0141074	3.35e-120	0.0031460	0.0194406	6.228e-63	23439
chr19:17006697:SNP_cg03636183	a	c	0.3383	0.0144	0.3869272	0.0098636	1.44e-336	+++++++?+?++++++++++++?+?+++??++++++++	63.3	84.5457594	31	7.401e-07	0.3886432	0.0170709	9.88e-115	0.0054383	0.0269009	6.575e-47	21661
chr19:17005387:SNP_cg03636183	a	t	0.3404	0.0142	0.3875451	0.0093589	8.63e-375	++++++++++++++++++++++?+?+++??++++++++	60.9	84.4031794	33	2.187e-06	0.3890296	0.0156857	8.64e-136	0.0046871	0.0239370	5.911e-59	23911
chr19:17015800:SNP_cg03636183	a	g	0.3819	0.0175	0.3252210	0.0092977	4.77e-268	++++++++++++++++++++++?+?+?+??++++++++	51.5	65.9663681	32	0.0003803	0.3285968	0.0140053	9.90e-122	0.0030611	0.0191668	1.418e-64	23432
chr19:17000231:SNP_cg03636183	t	c	0.1848	0.0242	-0.3927610	0.0126457	8.64e-212	-------?-------------??-???-??--?-----	88.3	240.0677515	28	1.432e-35	-0.3923395	0.0381021	7.266e-25	0.0355440	0.1084221	0.0002917	19918
chr19:16900878:SNP_cg03636183	a	g	0.3652	0.0263	-0.0979487	0.0091568	1.054e-26	------?------------+--+---?--------?--	31.2	49.4365586	34	0.04233	-0.1005730	0.0116174	4.838e-18	0.0013535	0.0133142	1.885e-13	25595
chr19:17020688:SNP_cg03636183	a	g	0.3462	0.0209	-0.1974266	0.0096226	1.52e-93	-------?-?---------?--?---?-??--------	20.9	37.9427601	30	0.1512	-0.1978539	0.0112430	2.553e-69	0.0007728	0.0121702	3.521e-59	23501
chr19:16997607:SNP_cg03636183	a	c	0.1465	0.0294	-0.2816139	0.0141412	3.048e-88	-------?-?-----------??--??-??--?--?-+	63.8	74.5419718	27	2.466e-06	-0.2783465	0.0248781	4.646e-29	0.0100528	0.0390411	5.463e-13	20107
chr19:16975302:INDEL_cg03636183	d	i	0.2327	0.0189	0.1815289	0.0110404	9.523e-61	+++++++???++++++++++++-+++?+??-++?++++	41.8	51.5316463	30	0.008551	0.1793559	0.0154521	3.788e-31	0.0027654	0.0189643	1.047e-21	22769
chr19:16975870:SNP_cg03636183	c	g	0.1654	0.0157	0.1774865	0.0113683	5.989e-55	+++++++++++-++--+++++++++++-++++++++++	41.4	63.0948056	37	0.004755	0.1800829	0.0157817	3.689e-30	0.0035197	0.0193859	5.414e-20	28056
chr19:16911878:SNP_cg03636183	t	c	0.0249	0.0093	0.3310389	0.0630348	1.507e-07	+?????????+++?+?+?+????????+????????++	34.4	13.7138923	9	0.1329	0.3364068	0.0835640	5.68e-05	0.0221588	0.0960502	0.0005679	6345
chr19:16999720:INDEL_cg03636183	d	i	0.5159	0.0197	0.1268953	0.0121387	1.408e-25	?++??++???+?+?+-?-+++??????-?+?++??+++	74.3	70.0278699	18	4.471e-08	0.1280999	0.0251794	3.628e-07	0.0082338	0.0472247	0.007209	13502
chr19:16966594:SNP_cg03636183	t	c	0.1453	0.0290	-0.2712682	0.0127869	7.02e-100	-------?--------------?--??-??-------+	55.8	70.1358982	31	7.337e-05	-0.2661705	0.0203186	3.301e-39	0.0067040	0.0289298	6.802e-21	24882
chr19:17015607:SNP_cg03636183	t	c	0.5942	0.0174	-0.2866931	0.0094167	1.38e-203	-------?--------------?-?-?-??--------	48.2	59.8341258	31	0.001412	-0.2881386	0.0137220	6.80e-98	0.0026695	0.0181754	4.721e-56	22647
chr19:17008105:SNP_cg03636183	a	t	0.8114	0.0183	0.3526833	0.0109635	4.80e-227	++++++++++++++++++++++?+++++??++++++++	85.2	229.3360185	34	7.859e-31	0.3599259	0.0294851	2.85e-34	0.0244763	0.0739506	1.85e-06	26671
chr19:16946804:SNP_cg03636183	t	c	0.8541	0.0285	0.2757842	0.0128575	4.64e-102	+++++++?+++++++++++?++?++??+??+++++++-	59.0	73.1975934	30	1.788e-05	0.2706088	0.0212283	3.217e-37	0.0074920	0.0313713	1.483e-18	24457
chr19:17021066:SNP_cg03636183	a	g	0.6304	0.0213	0.2234816	0.0094601	2.20e-123	+++++++?+?+++++++++?++?+++?+??++++++++	32.0	44.1435662	30	0.04628	0.2247495	0.0120430	1.004e-77	0.0013295	0.0139201	5.304e-58	23502
chr19:16993960:SNP_cg03636183	a	g	0.8349	0.0145	-0.1744949	0.0113701	3.723e-53	-----------+--++-----------+----------	41.7	63.4129692	37	0.004407	-0.1762345	0.0158130	7.581e-29	0.0035631	0.0194869	3.413e-19	28024
chr19:16990307:SNP_cg03636183	a	g	0.1285	0.0104	0.2868620	0.0130062	8.39e-108	+++++++++++-++++++++++++++?+??++++++++	36.8	53.7923146	34	0.01677	0.2873064	0.0173439	1.243e-61	0.0035061	0.0205774	3.588e-44	26288
chr19:16995086:SNP_cg03636183	t	c	0.1646	0.0144	0.1746144	0.0116372	6.82e-51	+++++++?+++-++--++++++++++?+++++++++++	44.0	62.4948486	35	0.002894	0.1761817	0.0165838	2.312e-26	0.0038966	0.0207789	4.336e-17	26787
chr19:17006110:SNP_cg03636183	a	g	0.3453	0.0169	0.3850823	0.0095850	6.42e-353	+++++++?++++++++++++++?+?+?+??++++++++	63.3	84.5547110	31	7.379e-07	0.3874750	0.0166254	3.84e-120	0.0051372	0.0261438	4.175e-49	22623
chr19:16939482:SNP_cg03636183	a	g	0.2432	0.0216	0.1605978	0.0106941	5.643e-51	+++++++?+?++++++-++?++-+++?+?++++?+++-	30.6	44.6659683	31	0.05336	0.1583654	0.0135443	1.394e-31	0.0016423	0.0154084	1.953e-25	23554
chr19:16998384:SNP_cg03636183	t	c	0.9091	0.0281	-0.2730843	0.0317562	8.014e-18	?--?-?????-+-?????-????????-?????-??--	64.1	27.8200797	10	0.001929	-0.2911391	0.0574418	4.011e-07	0.0209404	0.0883461	0.001994	6556
chr19:16960635:SNP_cg03636183	t	c	0.1089	0.0143	0.2750486	0.0141936	1.175e-83	+++++++++++-++++++++++?++??+??++++++++	34.8	49.1116038	32	0.0271	0.2762694	0.0186738	1.59e-49	0.0036253	0.0217834	1.508e-36	25660
chr19:16939353:SNP_cg03636183	a	g	0.8526	0.0194	-0.1470437	0.0136524	4.742e-27	-----?-?---+--+?---??-?--??+??--------	7.9	29.3013623	27	0.3464	-0.1455394	0.0145779	1.798e-23	0.0004566	0.0148161	3.253e-23	21686
chr19:17018852:SNP_cg03636183	t	c	0.6305	0.0204	0.2216661	0.0091868	1.25e-128	+++++++?+++++++++++?++?+++?+??++++++++	34.0	46.9568221	31	0.03304	0.2234632	0.0118730	5.067e-79	0.0014114	0.0139156	3.964e-57	24943
chr19:17020554:INDEL_cg03636183	d	i	0.3622	0.0168	-0.2086302	0.0116232	4.843e-72	?--??--???-?-?--?--?-???--?-???--??---	34.2	27.3503273	18	0.07266	-0.2095926	0.0151562	1.709e-43	0.0013717	0.0176610	3.342e-32	15659
chr19:17016127:SNP_cg03636183	t	c	0.5942	0.0177	-0.2875475	0.0094249	1.95e-204	-------?--------------?-?-?-??--------	48.3	59.9154577	31	0.001381	-0.2890730	0.0137404	2.94e-98	0.0026815	0.0182160	3.918e-56	22623
chr19:16997488:SNP_cg03636183	t	c	0.8752	0.0096	-0.3038257	0.0141985	1.38e-101	-------?-?-+-------?------?-??-----?--	44.5	54.0893577	30	0.004493	-0.3046549	0.0203857	1.69e-50	0.0051275	0.0255996	1.728e-32	22486
chr19:16993508:SNP_cg03636183	a	g	0.1655	0.0145	0.1728212	0.0114587	2.123e-51	+++++++++++-++--++++++++++?-++++++++++	42.2	62.2459234	36	0.00426	0.1741328	0.0160235	1.649e-27	0.0036002	0.0198127	2.715e-18	27564
chr19:17011860:SNP_cg03636183	t	g	0.3352	0.0148	0.3842447	0.0100019	6.81e-323	+++++++?+?++++++++++++?+?+?+??++++++++	60.3	75.6020721	30	8.304e-06	0.3875301	0.0166688	1.46e-119	0.0047693	0.0252054	1.791e-52	21176
chr19:17020808:SNP_cg03636183	t	c	0.2036	0.0166	-0.2302342	0.0120774	5.1e-81	-------?-?---------?--?-?-?-??--------	47.6	55.3460952	29	0.002257	-0.2311138	0.0174747	6.241e-40	0.0040236	0.0230495	1.708e-23	20741
chr19:17001551:SNP_cg03636183	a	g	0.3400	0.0140	0.3908279	0.0094497	7.02e-374	++++++++++++++++++++++?+?+?+??++++++++	59.8	79.5816213	32	6.244e-06	0.3933277	0.0156332	1.11e-139	0.0044289	0.0235008	4.195e-62	23439
chr19:16988476:SNP_cg03636183	t	c	0.2328	0.0215	0.1831698	0.0106673	4.372e-66	+++++++?++++++++++++++-+++?+??-++++?++	40.4	53.6682261	32	0.009575	0.1807914	0.0147211	1.144e-34	0.0025887	0.0178906	1.335e-24	24380
chr19:16954672:INDEL_cg03636183	d	i	0.7692	0.0174	-0.2001185	0.0128627	1.403e-54	?--??--???-?-?--?----?+?--?-?-?--??---	35.9	32.7837977	21	0.04867	-0.1999416	0.0171654	2.351e-31	0.0021025	0.0200804	2.15e-23	16879
chr19:16999897:SNP_cg03636183	t	c	0.4716	0.0200	-0.1247219	0.0090877	7.263e-43	---------------+++----?-?-?-?---------	67.7	102.2492486	33	5.217e-09	-0.1216496	0.0167183	3.428e-13	0.0059519	0.0281578	9.45e-06	24104
chr19:17010926:SNP_cg03636183	t	c	0.3390	0.0144	0.3873654	0.0094721	1.34e-365	++++++++++++++++++++++?+?+?+??++++++++	58.6	77.3769853	32	1.253e-05	0.3897322	0.0154493	2.05e-140	0.0042437	0.0229039	3.631e-64	23400
chr19:17004049:SNP_cg03636183	t	c	0.6543	0.0167	-0.3851813	0.0095760	9.19e-354	-------?--------------?-?-?-??--------	62.3	82.1742253	31	1.626e-06	-0.3880376	0.0163771	4.17e-124	0.0048996	0.0253838	5.232e-52	22635
chr19:16999206:INDEL_cg03636183	d	i	0.2808	0.0175	0.3355911	0.0111069	1.52e-200	+++++++???++++++++++++?+???+??+++?++++	65.2	77.4896847	27	9.015e-07	0.3384140	0.0198454	3.35e-65	0.0065505	0.0318767	6.432e-26	19385
chr19:16855265:SNP_cg03636183	t	c	0.5491	0.0322	0.0735828	0.0088795	1.164e-16	++++-++++++-+++-+++--+?+++?+??+++?+++-	0.2	32.0749266	32	0.463	0.0735631	0.0088951	1.339e-16	0.0000062	0.0089003	1.369e-16	25474
chr19:16949005:SNP_cg03636183	a	t	0.8537	0.0286	0.2732219	0.0126653	3.26e-103	+++++++++++++++++++?++?++??+??+++++++-	55.0	68.9421815	31	0.000105	0.2680095	0.0199296	3.172e-41	0.0063730	0.0281669	3.012e-22	25217
chr19:16969855:SNP_cg03636183	t	c	0.8540	0.0291	0.2682161	0.0130727	1.51e-93	+++++++?++++++++++++++?++??+??+++++?+-	56.3	68.6400693	30	7.366e-05	0.2627923	0.0209125	3.235e-36	0.0069330	0.0299104	3.039e-19	23753
chr19:17017217:INDEL_cg03636183	d	i	0.3503	0.0000	0.4409457	0.0781698	1.692e-08	???????????????????????+??????????????	0.0	0.0000000	0	1	0.4409457	0.0781698	1.692e-08	0.0000000	0.0781698	1.692e-08	344
chr19:16959211:SNP_cg03636183	c	g	0.7697	0.0186	-0.1834302	0.0101863	1.702e-72	----------------------+---?-?-+-------	34.9	53.7929108	35	0.02204	-0.1814516	0.0133335	3.557e-42	0.0020359	0.0156558	1.05e-31	26951
chr19:16998719:SNP_cg03636183	a	g	0.2784	0.0161	0.3326525	0.0112128	2.04e-193	+++++++?+?+++++++++?++?+???+??+++++?++	63.6	74.1862258	27	2.781e-06	0.3343569	0.0195793	2.199e-65	0.0062384	0.0308088	3.544e-27	19098
chr19:17011131:SNP_cg03636183	c	g	0.6613	0.0145	-0.3881316	0.0094728	5.50e-367	----------------------?-?-?-??--------	58.6	77.3046958	32	1.281e-05	-0.3903506	0.0154437	5.92e-141	0.0042375	0.0228841	1.603e-64	23402
chr19:17011565:SNP_cg03636183	a	g	0.3387	0.0146	0.3883872	0.0094729	1.85e-367	++++++++++++++++++++++?+?+?+??++++++++	58.2	76.5022091	32	1.647e-05	0.3908046	0.0153664	1.10e-142	0.0041626	0.0226468	6.309e-66	23401
chr19:17003789:SNP_cg03636183	t	g	0.4713	0.0194	-0.1280106	0.0089988	6.382e-46	---------------+++----?-?---?---------	63.9	94.2705526	34	1.432e-07	-0.1252412	0.0156621	1.281e-15	0.0050731	0.0249506	2.889e-07	24593
chr19:16946764:SNP_cg03636183	t	c	0.2301	0.0191	0.1802980	0.0100503	5.787e-72	+++++++++++++++++++?++-+++++++-+++++++	39.2	59.2107879	36	0.008732	0.1769053	0.0136277	1.563e-38	0.0024442	0.0165301	1.065e-27	27638
chr19:16954663:SNP_cg03636183	t	g	0.2308	0.0174	0.2001185	0.0128627	1.403e-54	?++??++???+?+?++?++++?-?++?+?+?++??+++	35.9	32.7837977	21	0.04867	0.1999416	0.0171654	2.351e-31	0.0021025	0.0200804	2.15e-23	16879
chr19:16979865:SNP_cg03636183	a	g	0.8525	0.0279	0.2659745	0.0129613	1.41e-93	+++++++?++++++++++++++?++??+??+++++?++	51.2	61.5135701	30	0.0006014	0.2617340	0.0196176	1.322e-40	0.0055583	0.0265765	1.407e-23	23769
chr19:17006787:SNP_cg03636183	a	g	0.3385	0.0142	0.3859766	0.0098578	2.57e-335	+++++++?+?++++++++++++?+?+++??++++++++	63.0	83.8185907	31	9.431e-07	0.3878162	0.0169850	2.16e-115	0.0053578	0.0266539	1.596e-47	21662
chr19:16920006:SNP_cg03636183	t	c	0.0577	0.0100	-0.2754040	0.0257010	8.591e-27	---?-?-?-???---?-?-?????-??-??-??--?--	28.2	23.6610347	17	0.1289	-0.2886664	0.0323457	4.481e-19	0.0048557	0.0357713	1.371e-14	13897
chr19:17007801:SNP_cg03636183	a	c	0.6643	0.0135	-0.3898767	0.0104103	5.78e-307	----?--?-?------------???-?-??---?----	60.9	69.0793540	27	1.516e-05	-0.3919856	0.0175200	7.12e-111	0.0047913	0.0266347	1.609e-48	19597
chr19:16958955:SNP_cg03636183	t	c	0.1458	0.0182	0.1544779	0.0120835	2.01e-37	+++++++++++-++--+++++++++?+-++++++++++	44.4	64.7854949	36	0.002275	0.1575383	0.0173293	9.824e-20	0.0043973	0.0217455	1.213e-12	27526
chr19:16896072:SNP_cg03636183	t	c	0.6333	0.0272	0.0966959	0.0095730	5.473e-24	++++++??+?+++++++++-++-+++?++++++-+?++	29.5	45.4170041	32	0.05841	0.0989021	0.0120055	1.75e-16	0.0012907	0.0135868	1.104e-12	23335
chr19:16938627:SNP_cg03636183	t	c	0.8534	0.0198	-0.1459919	0.0138980	8.231e-26	-----?-----+--+?---??-?--??+??-?-?----	10.9	29.1809421	26	0.3029	-0.1438536	0.0152289	3.516e-21	0.0006563	0.0155983	8.013e-21	21011
chr19:16978670:SNP_cg03636183	a	c	0.1448	0.0290	-0.2679033	0.0130848	3.64e-93	-------?--------------?--??-??-----?-+	57.0	69.8353906	30	5.108e-05	-0.2632495	0.0211148	1.123e-35	0.0071618	0.0304593	1.425e-18	23747
chr19:16961899:INDEL_cg03636183	d	i	0.2299	0.0172	0.2005045	0.0128908	1.493e-54	?++??++???+?+?++?++++?-?++?+?+?++??+++	35.9	32.7579431	21	0.04897	0.2008457	0.0171945	1.598e-31	0.0021071	0.0201084	2.038e-23	16880
chr19:17015499:SNP_cg03636183	a	g	0.0415	0.0080	-0.2220157	0.0230573	6.04e-22	-------------------?+-?---?-???--+-?--	33.8	45.3463086	30	0.03583	-0.2276375	0.0304944	8.336e-14	0.0086326	0.0348522	1.888e-10	24137
chr19:17019907:SNP_cg03636183	a	g	0.6297	0.0203	0.2212995	0.0089556	8.21e-135	+++++++++++++++++++?++?+++++??++++++++	29.9	47.0947785	33	0.05313	0.2226535	0.0111818	3.192e-88	0.0011811	0.0127807	3.616e-67	26254
chr19:17006738:SNP_cg03636183	a	g	0.7345	0.0916	0.0543088	0.0210825	0.009995	+???+??????+-?????-????????+??+???+?+-	76.6	38.4157961	9	1.468e-05	0.0619684	0.0471061	0.1883	0.0154589	0.0899892	0.5462	6383
chr19:16971710:SNP_cg03636183	a	g	0.1466	0.0292	-0.2661750	0.0130605	2.51e-92	-------?--------------?--??-??-----?-+	57.0	69.7568554	30	5.232e-05	-0.2605402	0.0210516	3.513e-35	0.0071189	0.0303686	1.871e-18	23748
chr19:16981527:INDEL_cg03636183	d	i	0.7653	0.0170	-0.1997560	0.0135178	2.054e-49	?--??--???-?-?--?----?+?--?-???--???--	46.8	35.7140245	19	0.01144	-0.2000388	0.0201178	2.696e-23	0.0033319	0.0254092	3.794e-15	15091
chr19:16945049:SNP_cg03636183	a	c	0.8900	0.0146	-0.2662698	0.0154406	1.224e-66	-----??----+---?---??-?--??-??--------	5.5	28.5619815	27	0.3825	-0.2654432	0.0161749	1.6e-60	0.0003966	0.0163338	9.591e-60	21611
chr19:17015685:SNP_cg03636183	t	c	0.3417	0.0148	0.3780892	0.0094516	6.53e-350	++++++++++++++++++++++?+?+?+??++++++++	59.1	78.1668774	32	9.774e-06	0.3812515	0.0154989	1.31e-133	0.0042992	0.0230875	2.82e-60	23419
chr19:17000131:SNP_cg03636183	a	g	0.1848	0.0242	-0.3921649	0.0126410	2.62e-211	-------?-------------??-???-??--?-----	88.2	237.1561864	28	5.247e-35	-0.3915108	0.0378608	4.606e-25	0.0350277	0.1070677	0.0002495	19918
chr19:16983401:SNP_cg03636183	t	c	0.2216	0.0209	0.1920121	0.0113339	2.229e-64	+++++++?+?++++++++++++?++??+??+++++?++	43.2	51.0728563	29	0.006904	0.1895236	0.0159947	2.174e-32	0.0029901	0.0199605	6.61e-22	22301
chr19:17007853:SNP_cg03636183	c	g	0.3524	0.0853	0.3151614	0.0167112	2.462e-79	+??+-???+??+?+??+????+?+??????+??++???	91.0	122.8380459	11	4.864e-21	0.3098780	0.0574752	6.987e-08	0.0352461	0.1866150	0.09125	7827
chr19:16949639:SNP_cg03636183	t	c	0.1442	0.0282	-0.2732743	0.0129363	4.72e-99	-------?-----------?--?--??-??-------+	58.3	72.0261147	30	2.586e-05	-0.2676181	0.0211985	1.549e-36	0.0073804	0.0310583	1.384e-18	24448
chr19:16935180:INDEL_cg03636183	d	i	0.3437	0.0103	-0.1956660	0.0228527	1.109e-17	?--?????????-?-???-????????-????????--	0.0	3.9667570	7	0.7836	-0.1956660	0.0228527	1.109e-17	0.0000000	0.0228527	1.109e-17	4179
chr19:16938607:INDEL_cg03636183	d	i	0.8606	0.0289	0.2143297	0.0197845	2.396e-27	+++?+??????++?+??++?????+??+??+???+?+-	57.7	33.0800306	14	0.002805	0.2024565	0.0337223	1.929e-09	0.0085252	0.0467480	4.544e-06	10874
chr19:17007873:SNP_cg03636183	a	g	0.6524	0.0203	-0.3522189	0.0156138	1.12e-112	-??--???--?---??-????-?-??????-???-???	57.6	28.3321944	12	0.004945	-0.3540486	0.0254530	5.517e-44	0.0044791	0.0368644	1.242e-21	8771
chr19:16966191:SNP_cg03636183	a	c	0.1388	0.0178	-0.3004822	0.0163860	4.14e-75	?--??--???-?-?--?----???-??-???--??--+	64.3	50.4876019	18	6.368e-05	-0.2976797	0.0295182	6.462e-24	0.0094979	0.0459607	6.243e-11	15592
chr19:16975260:SNP_cg03636183	t	c	0.1654	0.0157	0.1770731	0.0113763	1.256e-54	+++++++++++-++--++++++++++++++++++++++	41.7	63.4238391	37	0.004395	0.1796867	0.0158363	7.716e-30	0.0035691	0.0195007	1.082e-19	28044
chr19:16933242:SNP_cg03636183	a	c	0.9091	0.0106	-0.2253766	0.0216349	2.068e-25	---?-???-??+---?---?????-??-??-??--?--	35.4	27.8595831	18	0.06422	-0.2227712	0.0294867	4.19e-14	0.0051375	0.0334855	1.69e-11	13359
chr19:17011485:SNP_cg03636183	t	c	0.6611	0.0145	-0.3876057	0.0094716	4.35e-366	----------------------?-?-?-??--------	58.4	77.0134499	32	1.404e-05	-0.3900500	0.0154148	2.91e-141	0.0042093	0.0227951	7.682e-65	23399
chr19:17011247:SNP_cg03636183	a	c	0.3388	0.0146	0.3880405	0.0094711	6.02e-367	++++++++++++++++++++++?+?+?+??++++++++	58.6	77.3753445	32	1.253e-05	0.3903479	0.0154482	7.15e-141	0.0042426	0.0229009	2.119e-64	23402
chr19:16951889:SNP_cg03636183	t	c	0.8904	0.0142	-0.2703050	0.0148397	3.925e-74	-----?-----+---?---?--?--??-??--------	3.9	30.1867051	29	0.4047	-0.2698411	0.0153294	2.34e-69	0.0002766	0.0154470	1.46e-68	23353
chr19:16941457:SNP_cg03636183	a	t	0.1477	0.0303	-0.2576533	0.0135872	3.45e-80	-----?---------?---?--?--??-??--?----+	45.5	51.3590628	28	0.004543	-0.2537573	0.0194526	6.796e-39	0.0045455	0.0249223	4.73e-25	21897
chr19:16954657:INDEL_cg03636183	d	i	0.0796	0.0211	0.2158386	0.0306327	1.841e-12	?++???????+?-?+??++?????+??+????????++	0.2	10.0233352	10	0.4384	0.2156669	0.0307587	2.357e-12	0.0000297	0.0307042	2.071e-12	8227
chr19:16940177:SNP_cg03636183	a	g	0.8896	0.0152	-0.2588564	0.0163228	1.227e-56	-----??----+---?---??-??-??-??-?---?--	1.0	24.2466601	24	0.4476	-0.2585901	0.0164718	1.537e-55	0.0000706	0.0164906	1.58e-55	19408
chr19:16992431:SNP_cg03636183	t	g	0.8717	0.0104	-0.2882818	0.0130134	9.82e-109	-----------+--------------?-??--------	38.8	55.5605780	34	0.01123	-0.2888862	0.0176574	3.656e-60	0.0038236	0.0212656	7.276e-42	26288
chr19:17017878:SNP_cg03636183	a	g	0.2008	0.0176	-0.2403359	0.0120183	5.797e-89	-------?-?------------?-?-?-??--------	53.1	63.9320327	30	0.0002999	-0.2430716	0.0183796	6.289e-40	0.0051233	0.0256119	6.366e-21	21176
chr19:16905611:SNP_cg03636183	t	g	0.6346	0.0261	0.0949052	0.0096249	6.18e-23	++++++??+++++++++++-++-?++?+?++?+++?++	31.0	43.4682607	30	0.05325	0.0972169	0.0122413	1.994e-15	0.0013139	0.0139459	1.009e-11	23102
chr19:16978550:SNP_cg03636183	c	g	0.8708	0.0114	-0.2869418	0.0129865	3.51e-108	-----------+--------------?-??--------	35.8	52.9336866	34	0.02027	-0.2876989	0.0171763	5.686e-63	0.0033443	0.0202184	1.025e-45	26300
chr19:17008578:SNP_cg03636183	c	g	0.5289	0.0181	0.1215350	0.0092409	1.661e-39	+++-++-?+++++++---++++?+?+?+?+++++++++	71.0	110.1950303	32	1.608e-10	0.1151532	0.0179237	1.322e-10	0.0069599	0.0318220	0.0001339	23320
chr19:16988456:SNP_cg03636183	a	g	0.2693	0.0203	0.1231267	0.0102828	4.861e-33	++++-++?++++++-+-++++++++??+??-++++?+-	32.3	45.7935499	31	0.0423	0.1223870	0.0132521	2.575e-20	0.0016453	0.0151899	5.239e-16	23868
chr19:17003405:SNP_cg03636183	t	c	0.3402	0.0142	0.3882078	0.0093583	4.12e-376	++++++++++++++++++++++?+?+++??++++++++	59.8	82.0169559	33	4.695e-06	0.3901555	0.0154673	2.16e-140	0.0044693	0.0232588	1.529e-62	23928
chr19:16854486:SNP_cg03636183	a	t	0.4454	0.0200	-0.0666379	0.0094150	1.464e-12	----?--?+?-----++--++-?+--?-??---?--+-	41.6	49.6827205	29	0.009769	-0.0609915	0.0130544	2.981e-06	0.0019305	0.0161298	3.606e-05	22700
chr19:16998188:SNP_cg03636183	t	c	0.4325	0.0277	-0.1038722	0.0116852	6.154e-19	---?---?-?-----?++-?-??????+??--?--?--	57.1	51.2403497	22	0.0003976	-0.0973844	0.0187825	2.162e-07	0.0042429	0.0272160	0.0001353	14837
chr19:16991184:SNP_cg03636183	c	g	0.1284	0.0105	0.2870642	0.0130121	7.43e-108	+++++++++++-++++++++++++++?+??++++++++	38.2	55.0324711	34	0.01268	0.2876034	0.0175674	3.06e-60	0.0037293	0.0210613	2.659e-42	26288
chr19:17006700:SNP_cg03636183	t	g	0.3382	0.0144	0.3874025	0.0098642	2.40e-337	+++++++?+?++++++++++++?+?+++??++++++++	63.2	84.1524945	31	8.439e-07	0.3891860	0.0170330	1.50e-115	0.0053990	0.0267774	1.944e-47	21661
chr19:16990346:SNP_cg03636183	t	c	0.1453	0.0292	-0.2705596	0.0135106	3.29e-89	-------?-?------------?--??-??-----?-+	58.7	70.1513623	29	2.891e-05	-0.2651812	0.0222343	8.592e-33	0.0079052	0.0326823	1.248e-16	22303
chr19:17014871:SNP_cg03636183	a	g	0.6314	0.0177	0.1126236	0.0099619	1.233e-29	+++++++?+++++++--+++++?+?+?+??++++-?++	54.3	65.6550378	30	0.0001807	0.1106782	0.0154856	8.858e-13	0.0037007	0.0218016	2.394e-07	21514
chr19:17003553:SNP_cg03636183	a	g	0.1247	0.0234	-0.3787490	0.0155922	2.44e-130	-------?-?-----------??-???-??--?-----	78.8	127.2598998	27	5.909e-15	-0.3789368	0.0350454	2.996e-27	0.0255647	0.0734911	2.554e-07	18479
chr19:16950763:SNP_cg03636183	t	c	0.1446	0.0287	-0.2733482	0.0129219	2.54e-99	-------?-----------?--?--??-??-------+	58.8	72.8698588	30	1.983e-05	-0.2677951	0.0212958	2.898e-36	0.0075113	0.0313872	3.068e-18	24448
chr19:16954664:SNP_cg03636183	t	c	0.2308	0.0174	0.2001185	0.0128627	1.403e-54	?++??++???+?+?++?++++?-?++?+?+?++??+++	35.9	32.7837977	21	0.04867	0.1999416	0.0171654	2.351e-31	0.0021025	0.0200804	2.15e-23	16879
chr19:16969365:SNP_cg03636183	t	c	0.1459	0.0291	-0.2685090	0.0130763	1.07e-93	-------?--------------?--??-??-----?-+	56.1	68.3725342	30	7.991e-05	-0.2630343	0.0208766	2.125e-36	0.0068887	0.0298019	2.064e-19	23753
chr19:17010709:INDEL_cg03636183	d	i	0.6618	0.0126	-0.3937841	0.0130997	1.59e-198	?--??--???-?-?--?----????-?-???--???--	47.8	32.5870701	17	0.01271	-0.3946085	0.0191306	1.57e-94	0.0028896	0.0251107	2.011e-55	12212
chr19:17017205:SNP_cg03636183	t	c	0.7648	0.0243	0.2310729	0.0235929	1.193e-22	??????+???+?+?+???+????????+????????++	0.0	6.9262099	7	0.4366	0.2310729	0.0235929	1.193e-22	0.0000000	0.0235929	1.193e-22	4881
chr19:17009372:SNP_cg03636183	a	g	0.8109	0.0185	0.3519193	0.0109539	1.83e-226	++++++++++++++++++++++?+++++??++++++++	85.1	227.5573853	34	1.69e-30	0.3585111	0.0293486	2.565e-34	0.0242106	0.0733128	1.585e-06	26679
chr19:17000632:SNP_cg03636183	a	g	0.1901	0.0200	-0.3699759	0.0114288	6.78e-230	----------------------?--??-??--?-----	87.1	239.5505663	31	4.459e-34	-0.3741607	0.0328796	5.277e-30	0.0285302	0.0883157	2.799e-05	24184
chr19:17006714:INDEL_cg03636183	d	i	0.1339	0.0101	-0.3801140	0.0174160	1.33e-105	?--??--???-?-?--?----???-??-???-???---	79.3	82.2418193	17	1.529e-10	-0.3831520	0.0406125	3.935e-21	0.0215738	0.0842541	6.437e-06	14123
chr19:16981044:SNP_cg03636183	a	g	0.8345	0.0156	-0.1774034	0.0113649	6.242e-55	-----------+--++----------------------	38.8	60.4299249	37	0.008852	-0.1795761	0.0154206	2.427e-31	0.0031584	0.0185616	1.206e-21	28071
chr19:16969399:SNP_cg03636183	a	g	0.1822	0.0279	-0.2854993	0.0118663	6.63e-128	-------?--------------?--??-??-----?--	66.5	89.4925042	30	7.838e-08	-0.2801358	0.0216949	3.827e-38	0.0088019	0.0353983	7.303e-16	23752
chr19:16937339:SNP_cg03636183	t	c	0.8531	0.0318	0.2510224	0.0153541	4.433e-60	+++++?+?++?++++?+++??+?++??+??+??++?+-	46.4	42.9366285	23	0.007046	0.2458063	0.0224402	6.368e-28	0.0050386	0.0286633	1.994e-18	17185
chr19:16997264:SNP_cg03636183	t	c	0.1267	0.0107	0.2962771	0.0141465	2.15e-97	+++++++?+?+-+++++++?++++++?+??+++++?++	43.7	53.3182468	30	0.005471	0.2974630	0.0201704	3.192e-49	0.0049285	0.0251422	4.716e-32	22487
chr19:16976289:SNP_cg03636183	t	c	0.8532	0.0275	0.2689700	0.0124969	9.49e-103	++++++++++++++++++++++?++??+??+++++++-	52.3	67.0765966	32	0.0002771	0.2649075	0.0190805	7.958e-44	0.0057291	0.0261952	9.833e-25	25650
chr19:17019790:SNP_cg03636183	t	c	0.6298	0.0208	0.2205721	0.0090380	1.52e-131	+++++++++++++++++++?++?+++?+??++++++++	34.2	48.6530473	32	0.02992	0.2221064	0.0116878	1.601e-80	0.0014231	0.0137415	5.573e-58	25739
chr19:16932874:SNP_cg03636183	t	c	0.0909	0.0106	0.2258063	0.0216314	1.648e-25	+++?+???+??-+++?+++?????+??+??+??++?++	35.7	27.9724392	18	0.06248	0.2233336	0.0295478	4.081e-14	0.0051944	0.0336157	1.851e-11	13359
