3
7
9
11
12
16
18
19
27
28
30
36
38
47
50
52
60
62
66
67
70
75
77
79
82
83
84
85
88
93
98
99
101
105
108
112
114
116
117
120
124
126
127
128
129
130
138
139
142
149
151
153
154
159
166
168
174
176
180
182
184
188
194
195
202
208
209
211
228
231
237
242
244
246
260
263
266
271
275
281
282
283
291
293
301
303
306
310
315
320
325
326
327
330
335
345
349
371
372
375
376
385
386
391
394
395
398
399
404
413
417
419
421
430
435
439
443
446
449
450
453
454
456
457
467
468
469
473
476
481
483
486
487
492
496
500
502
505
508
511
512
515
523
527
530
537
539
541
546
548
551
553
555
559
561
562
564
565
573
578
594
598
603
606
607
609
610
612
617
622
626
630
631
632
637
638
647
651
654
656
657
665
666
675
678
685
688
691
696
704
718
722
728
729
730
734
737
741
743
753
756
758
759
760
763
767
772
775
778
780
783
788
789
791
792
794
797
798
800
803
814
815
819
826
827
834
836
842
847
850
856
858
859
861
865
868
872
873
876
878
879
882
898
901
902
903
904
905
906
908
909
911
912
913
914
917
920
922
929
933
945
947
952
953
957
958
960
961
